1001111101111111010111111101101011110101010000001110001011000100110101011101101100110111110110001101110001111110000101111111111011111111110111111111110000110111100110111101111001111111111101100010011011110101111010111111010100111010110110111101110110100111
0101100101111010000111111011001000101001101000011111110111101100111001001111010111111010111011111111101010010101111111111110001100011111111101101010001001101111110011101010100001100001011001111010110111111100101011111111010000101101100111001010010110110011
1100111001101111001111001111111011110011001101111110000110101110101111101101101110111000101110111111111111110111011101101101111100010110001001101110111010110011110001001110111101011101111111101010101100010001001011010011111101010101001100100011101100111000
1110100011110100111101111111100110011111001010101110011111110001111101011001111010111011101011011111100101001101100101100110010010010101100110011111111100111111000110110110011111001111111000110101011101000111011101010111001111101111101001010110000011101101
1101011001011011111101111111110100011110101011111101110101000111111101111001101101101111011001101110101110110110111111011111101101110110001010100110011110111000000110111010101111111111101111101111010111111101111000011110110111101001101101101001110011101101
1010010110110011111011011011101111111111011110011100111111011001011011101101011111100011111110111110111011100110101110111000001011101110101010011001011000111101101100111011110001110010011011111110101001111011010010100011111111111011110111111111100011011001
0111011111111001010011110110111100111110111111100010100101111011010011111110110010011110101111101111111011111010100111111001100011000110001110011111111101110010111110110110111111100101110011101100011111101111110111101000111110101101001100111011000111101111
0001110001110101001101011011100111011111110011101011101111011111011011010111011110101101011100011111010110011111011010111110010110111100110010100011111101111010011111010100011000001111111110111110000000000110011010110010111001101100111011111011011010011010
1110100111000011011011111100110111011001110011111111010111011111101111011110101010111101111111111000111110110100101111001001101111111111111011111100101101011011111001101011111010011111111011111101110101111011111000100111111111110010011110111000000001111111
0101110100100001010111011000011110110111011111101101111010000001011101110011110110111100011110000110010011110100111000010101110111110001111011101101111101111111111111100110010111111010011101110110111000111011111101011011011110110101110111011101111101000011
